(kicad_pcb (version 20171130) (host pcbnew "(5.1.2)-1")

  (general
    (thickness 1.6)
    (drawings 4)
    (tracks 0)
    (zones 0)
    (modules 117)
    (nets 247)
  )

  (page A4)
  (layers
    (0 F.Cu signal)
    (31 B.Cu signal)
    (32 B.Adhes user)
    (33 F.Adhes user)
    (34 B.Paste user)
    (35 F.Paste user)
    (36 B.SilkS user)
    (37 F.SilkS user)
    (38 B.Mask user)
    (39 F.Mask user)
    (40 Dwgs.User user)
    (41 Cmts.User user)
    (42 Eco1.User user)
    (43 Eco2.User user)
    (44 Edge.Cuts user)
    (45 Margin user)
    (46 B.CrtYd user)
    (47 F.CrtYd user)
    (48 B.Fab user)
    (49 F.Fab user)
  )

  (setup
    (last_trace_width 0.25)
    (trace_clearance 0.2)
    (zone_clearance 0.508)
    (zone_45_only no)
    (trace_min 0.2)
    (via_size 0.8)
    (via_drill 0.4)
    (via_min_size 0.4)
    (via_min_drill 0.3)
    (uvia_size 0.3)
    (uvia_drill 0.1)
    (uvias_allowed no)
    (uvia_min_size 0.2)
    (uvia_min_drill 0.1)
    (edge_width 0.05)
    (segment_width 0.2)
    (pcb_text_width 0.3)
    (pcb_text_size 1.5 1.5)
    (mod_edge_width 0.12)
    (mod_text_size 1 1)
    (mod_text_width 0.15)
    (pad_size 1.524 1.524)
    (pad_drill 0.762)
    (pad_to_mask_clearance 0.051)
    (solder_mask_min_width 0.25)
    (aux_axis_origin 0 0)
    (visible_elements 7FFFFFFF)
    (pcbplotparams
      (layerselection 0x010fc_ffffffff)
      (usegerberextensions false)
      (usegerberattributes false)
      (usegerberadvancedattributes false)
      (creategerberjobfile false)
      (excludeedgelayer true)
      (linewidth 0.050000)
      (plotframeref false)
      (viasonmask false)
      (mode 1)
      (useauxorigin false)
      (hpglpennumber 1)
      (hpglpenspeed 20)
      (hpglpendiameter 15.000000)
      (psnegative false)
      (psa4output false)
      (plotreference true)
      (plotvalue true)
      (plotinvisibletext false)
      (padsonsilk false)
      (subtractmaskfromsilk false)
      (outputformat 1)
      (mirror false)
      (drillshape 1)
      (scaleselection 1)
      (outputdirectory ""))
  )

  (net 0 "")
  (net 1 GND)
  (net 2 +3V3)
  (net 3 +1V8)
  (net 4 "Net-(C10-Pad1)")
  (net 5 "Net-(C10-Pad2)")
  (net 6 "Net-(C18-Pad1)")
  (net 7 "Net-(C20-Pad1)")
  (net 8 +5V)
  (net 9 +1V2)
  (net 10 "Net-(J1-Pad3)")
  (net 11 "Net-(J1-Pad2)")
  (net 12 VSYNC)
  (net 13 HSYNC)
  (net 14 "Net-(J4-Pad3)")
  (net 15 "Net-(J4-Pad2)")
  (net 16 "Net-(J4-Pad1)")
  (net 17 "Net-(R2-Pad1)")
  (net 18 "Net-(R3-Pad1)")
  (net 19 "Net-(R4-Pad1)")
  (net 20 "Net-(R5-Pad1)")
  (net 21 "Net-(R6-Pad1)")
  (net 22 "Net-(R7-Pad1)")
  (net 23 "Net-(R8-Pad1)")
  (net 24 "Net-(R10-Pad1)")
  (net 25 nHOLD)
  (net 26 nWP)
  (net 27 "Net-(J2-Pad5)")
  (net 28 "Net-(J2-Pad1)")
  (net 29 CRESET_Bn)
  (net 30 "Net-(R20-Pad1)")
  (net 31 "Net-(R21-Pad2)")
  (net 32 clk12)
  (net 33 "Net-(R22-Pad1)")
  (net 34 CLK68000)
  (net 35 /D5)
  (net 36 /A4)
  (net 37 /D6)
  (net 38 /A3)
  (net 39 /D7)
  (net 40 /A2)
  (net 41 /D8)
  (net 42 /A1)
  (net 43 /D9)
  (net 44 FC0)
  (net 45 /D10)
  (net 46 FC1)
  (net 47 /D11)
  (net 48 FC2)
  (net 49 /D12)
  (net 50 IPL0n)
  (net 51 /D13)
  (net 52 IPL1n)
  (net 53 /D14)
  (net 54 IPL2n)
  (net 55 /D15)
  (net 56 VPAn)
  (net 57 /A23)
  (net 58 E)
  (net 59 /A22)
  (net 60 VMAn)
  (net 61 /A21)
  (net 62 RESETn)
  (net 63 HALTn)
  (net 64 /A20)
  (net 65 /A19)
  (net 66 /A18)
  (net 67 /A17)
  (net 68 BRn)
  (net 69 /A16)
  (net 70 BGACKn)
  (net 71 /A15)
  (net 72 BGn)
  (net 73 /A14)
  (net 74 DTACKn)
  (net 75 /A13)
  (net 76 R_Wn)
  (net 77 /A12)
  (net 78 LDSn)
  (net 79 /A11)
  (net 80 UDSn)
  (net 81 /A10)
  (net 82 ASn)
  (net 83 /A9)
  (net 84 /D0)
  (net 85 /A8)
  (net 86 /D1)
  (net 87 /A7)
  (net 88 /D2)
  (net 89 /A6)
  (net 90 /D3)
  (net 91 /A5)
  (net 92 /D4)
  (net 93 TX)
  (net 94 RX)
  (net 95 CDONE)
  (net 96 "Net-(U10-Pad2)")
  (net 97 "Net-(U10-Pad5)")
  (net 98 /a1)
  (net 99 /a2)
  (net 100 /a3)
  (net 101 /a4)
  (net 102 ADDR_OE)
  (net 103 /a5)
  (net 104 /a6)
  (net 105 /a7)
  (net 106 /a8)
  (net 107 /a16)
  (net 108 /a15)
  (net 109 /a14)
  (net 110 /a13)
  (net 111 /a12)
  (net 112 /a11)
  (net 113 /a10)
  (net 114 /a9)
  (net 115 /a23)
  (net 116 /a22)
  (net 117 /a21)
  (net 118 /a20)
  (net 119 /a19)
  (net 120 /a18)
  (net 121 /a17)
  (net 122 DIR)
  (net 123 /d0)
  (net 124 /d1)
  (net 125 /d2)
  (net 126 /d3)
  (net 127 /d4)
  (net 128 /d5)
  (net 129 /d6)
  (net 130 /d7)
  (net 131 DATA_OEn)
  (net 132 /d15)
  (net 133 /d14)
  (net 134 /d13)
  (net 135 /d12)
  (net 136 /d11)
  (net 137 /d10)
  (net 138 /d9)
  (net 139 /d8)
  (net 140 "Net-(U13-Pad22)")
  (net 141 "Net-(U11-Pad3)")
  (net 142 "Net-(U11-Pad2)")
  (net 143 "Net-(U11-Pad1)")
  (net 144 "Net-(U11-Pad8)")
  (net 145 "Net-(U11-Pad7)")
  (net 146 "Net-(U11-Pad4)")
  (net 147 "Net-(U12-Pad1)")
  (net 148 "Net-(U12-Pad2)")
  (net 149 "Net-(U12-Pad3)")
  (net 150 "Net-(U12-Pad7)")
  (net 151 PS2_DATA)
  (net 152 PS2_CLK)
  (net 153 "Net-(U13-Pad104)")
  (net 154 "Net-(U13-Pad102)")
  (net 155 /b7)
  (net 156 /b6)
  (net 157 /b5)
  (net 158 /b4)
  (net 159 /b3)
  (net 160 /b2)
  (net 161 /b1)
  (net 162 /b0)
  (net 163 /g7)
  (net 164 /g6)
  (net 165 /g5)
  (net 166 /g4)
  (net 167 /g3)
  (net 168 /g2)
  (net 169 /g1)
  (net 170 /g0)
  (net 171 /r7)
  (net 172 /r6)
  (net 173 /r5)
  (net 174 /r4)
  (net 175 /r3)
  (net 176 /r2)
  (net 177 /r1)
  (net 178 /r0)
  (net 179 "Net-(U13-Pad45)")
  (net 180 "Net-(R1-Pad1)")
  (net 181 "Net-(U12-Pad4)")
  (net 182 BERRn)
  (net 183 "Net-(J1-Pad4)")
  (net 184 "Net-(J4-Pad4)")
  (net 185 "Net-(J4-Pad6)")
  (net 186 "Net-(J4-Pad7)")
  (net 187 "Net-(J4-Pad8)")
  (net 188 "Net-(J4-Pad11)")
  (net 189 "Net-(J4-Pad12)")
  (net 190 "Net-(J4-Pad15)")
  (net 191 "Net-(J7-Pad7)")
  (net 192 "Net-(J7-Pad9)")
  (net 193 "Net-(J8-Pad8)")
  (net 194 "Net-(J8-Pad1)")
  (net 195 "Net-(J8-Pad2)")
  (net 196 "Net-(J8-Pad3)")
  (net 197 "Net-(J8-Pad5)")
  (net 198 "Net-(J8-Pad7)")
  (net 199 "Net-(U1-Pad7)")
  (net 200 "Net-(U3-Pad3)")
  (net 201 "Net-(U3-Pad19)")
  (net 202 "Net-(U3-Pad22)")
  (net 203 "Net-(U3-Pad26)")
  (net 204 "Net-(U3-Pad27)")
  (net 205 "Net-(U3-Pad28)")
  (net 206 "Net-(U3-Pad29)")
  (net 207 "Net-(U3-Pad30)")
  (net 208 "Net-(U3-Pad32)")
  (net 209 "Net-(U3-Pad33)")
  (net 210 "Net-(U3-Pad34)")
  (net 211 "Net-(U3-Pad36)")
  (net 212 "Net-(U3-Pad40)")
  (net 213 "Net-(U3-Pad41)")
  (net 214 "Net-(U3-Pad43)")
  (net 215 "Net-(U3-Pad44)")
  (net 216 "Net-(U3-Pad45)")
  (net 217 "Net-(U3-Pad46)")
  (net 218 "Net-(U3-Pad48)")
  (net 219 "Net-(U3-Pad52)")
  (net 220 "Net-(U3-Pad53)")
  (net 221 "Net-(U3-Pad54)")
  (net 222 "Net-(U3-Pad55)")
  (net 223 "Net-(U3-Pad57)")
  (net 224 "Net-(U3-Pad58)")
  (net 225 "Net-(U3-Pad59)")
  (net 226 "Net-(U3-Pad60)")
  (net 227 "Net-(U6-Pad12)")
  (net 228 "Net-(U6-Pad10)")
  (net 229 "Net-(U9-Pad10)")
  (net 230 "Net-(U9-Pad13)")
  (net 231 "Net-(U9-Pad47)")
  (net 232 "Net-(U11-Pad9)")
  (net 233 "Net-(U11-Pad10)")
  (net 234 "Net-(U11-Pad12)")
  (net 235 "Net-(U11-Pad13)")
  (net 236 "Net-(U13-Pad25)")
  (net 237 "Net-(U13-Pad35)")
  (net 238 "Net-(U13-Pad36)")
  (net 239 "Net-(U13-Pad50)")
  (net 240 "Net-(U13-Pad51)")
  (net 241 "Net-(U13-Pad58)")
  (net 242 "Net-(U13-Pad77)")
  (net 243 "Net-(U13-Pad109)")
  (net 244 "Net-(U13-Pad133)")
  (net 245 "Net-(J2-Pad6)")
  (net 246 "Net-(J2-Pad2)")

  (net_class Default "This is the default net class."
    (clearance 0.2)
    (trace_width 0.25)
    (via_dia 0.8)
    (via_drill 0.4)
    (uvia_dia 0.3)
    (uvia_drill 0.1)
    (add_net +1V2)
    (add_net +1V8)
    (add_net +3V3)
    (add_net +5V)
    (add_net /A1)
    (add_net /A10)
    (add_net /A11)
    (add_net /A12)
    (add_net /A13)
    (add_net /A14)
    (add_net /A15)
    (add_net /A16)
    (add_net /A17)
    (add_net /A18)
    (add_net /A19)
    (add_net /A2)
    (add_net /A20)
    (add_net /A21)
    (add_net /A22)
    (add_net /A23)
    (add_net /A3)
    (add_net /A4)
    (add_net /A5)
    (add_net /A6)
    (add_net /A7)
    (add_net /A8)
    (add_net /A9)
    (add_net /D0)
    (add_net /D1)
    (add_net /D10)
    (add_net /D11)
    (add_net /D12)
    (add_net /D13)
    (add_net /D14)
    (add_net /D15)
    (add_net /D2)
    (add_net /D3)
    (add_net /D4)
    (add_net /D5)
    (add_net /D6)
    (add_net /D7)
    (add_net /D8)
    (add_net /D9)
    (add_net /a1)
    (add_net /a10)
    (add_net /a11)
    (add_net /a12)
    (add_net /a13)
    (add_net /a14)
    (add_net /a15)
    (add_net /a16)
    (add_net /a17)
    (add_net /a18)
    (add_net /a19)
    (add_net /a2)
    (add_net /a20)
    (add_net /a21)
    (add_net /a22)
    (add_net /a23)
    (add_net /a3)
    (add_net /a4)
    (add_net /a5)
    (add_net /a6)
    (add_net /a7)
    (add_net /a8)
    (add_net /a9)
    (add_net /b0)
    (add_net /b1)
    (add_net /b2)
    (add_net /b3)
    (add_net /b4)
    (add_net /b5)
    (add_net /b6)
    (add_net /b7)
    (add_net /d0)
    (add_net /d1)
    (add_net /d10)
    (add_net /d11)
    (add_net /d12)
    (add_net /d13)
    (add_net /d14)
    (add_net /d15)
    (add_net /d2)
    (add_net /d3)
    (add_net /d4)
    (add_net /d5)
    (add_net /d6)
    (add_net /d7)
    (add_net /d8)
    (add_net /d9)
    (add_net /g0)
    (add_net /g1)
    (add_net /g2)
    (add_net /g3)
    (add_net /g4)
    (add_net /g5)
    (add_net /g6)
    (add_net /g7)
    (add_net /r0)
    (add_net /r1)
    (add_net /r2)
    (add_net /r3)
    (add_net /r4)
    (add_net /r5)
    (add_net /r6)
    (add_net /r7)
    (add_net ADDR_OE)
    (add_net ASn)
    (add_net BERRn)
    (add_net BGACKn)
    (add_net BGn)
    (add_net BRn)
    (add_net CDONE)
    (add_net CLK68000)
    (add_net CRESET_Bn)
    (add_net DATA_OEn)
    (add_net DIR)
    (add_net DTACKn)
    (add_net E)
    (add_net FC0)
    (add_net FC1)
    (add_net FC2)
    (add_net GND)
    (add_net HALTn)
    (add_net HSYNC)
    (add_net IPL0n)
    (add_net IPL1n)
    (add_net IPL2n)
    (add_net LDSn)
    (add_net "Net-(C10-Pad1)")
    (add_net "Net-(C10-Pad2)")
    (add_net "Net-(C18-Pad1)")
    (add_net "Net-(C20-Pad1)")
    (add_net "Net-(J1-Pad2)")
    (add_net "Net-(J1-Pad3)")
    (add_net "Net-(J1-Pad4)")
    (add_net "Net-(J2-Pad1)")
    (add_net "Net-(J2-Pad2)")
    (add_net "Net-(J2-Pad5)")
    (add_net "Net-(J2-Pad6)")
    (add_net "Net-(J4-Pad1)")
    (add_net "Net-(J4-Pad11)")
    (add_net "Net-(J4-Pad12)")
    (add_net "Net-(J4-Pad15)")
    (add_net "Net-(J4-Pad2)")
    (add_net "Net-(J4-Pad3)")
    (add_net "Net-(J4-Pad4)")
    (add_net "Net-(J4-Pad6)")
    (add_net "Net-(J4-Pad7)")
    (add_net "Net-(J4-Pad8)")
    (add_net "Net-(J7-Pad7)")
    (add_net "Net-(J7-Pad9)")
    (add_net "Net-(J8-Pad1)")
    (add_net "Net-(J8-Pad2)")
    (add_net "Net-(J8-Pad3)")
    (add_net "Net-(J8-Pad5)")
    (add_net "Net-(J8-Pad7)")
    (add_net "Net-(J8-Pad8)")
    (add_net "Net-(R1-Pad1)")
    (add_net "Net-(R10-Pad1)")
    (add_net "Net-(R2-Pad1)")
    (add_net "Net-(R20-Pad1)")
    (add_net "Net-(R21-Pad2)")
    (add_net "Net-(R22-Pad1)")
    (add_net "Net-(R3-Pad1)")
    (add_net "Net-(R4-Pad1)")
    (add_net "Net-(R5-Pad1)")
    (add_net "Net-(R6-Pad1)")
    (add_net "Net-(R7-Pad1)")
    (add_net "Net-(R8-Pad1)")
    (add_net "Net-(U1-Pad7)")
    (add_net "Net-(U10-Pad2)")
    (add_net "Net-(U10-Pad5)")
    (add_net "Net-(U11-Pad1)")
    (add_net "Net-(U11-Pad10)")
    (add_net "Net-(U11-Pad12)")
    (add_net "Net-(U11-Pad13)")
    (add_net "Net-(U11-Pad2)")
    (add_net "Net-(U11-Pad3)")
    (add_net "Net-(U11-Pad4)")
    (add_net "Net-(U11-Pad7)")
    (add_net "Net-(U11-Pad8)")
    (add_net "Net-(U11-Pad9)")
    (add_net "Net-(U12-Pad1)")
    (add_net "Net-(U12-Pad2)")
    (add_net "Net-(U12-Pad3)")
    (add_net "Net-(U12-Pad4)")
    (add_net "Net-(U12-Pad7)")
    (add_net "Net-(U13-Pad102)")
    (add_net "Net-(U13-Pad104)")
    (add_net "Net-(U13-Pad109)")
    (add_net "Net-(U13-Pad133)")
    (add_net "Net-(U13-Pad22)")
    (add_net "Net-(U13-Pad25)")
    (add_net "Net-(U13-Pad35)")
    (add_net "Net-(U13-Pad36)")
    (add_net "Net-(U13-Pad45)")
    (add_net "Net-(U13-Pad50)")
    (add_net "Net-(U13-Pad51)")
    (add_net "Net-(U13-Pad58)")
    (add_net "Net-(U13-Pad77)")
    (add_net "Net-(U3-Pad19)")
    (add_net "Net-(U3-Pad22)")
    (add_net "Net-(U3-Pad26)")
    (add_net "Net-(U3-Pad27)")
    (add_net "Net-(U3-Pad28)")
    (add_net "Net-(U3-Pad29)")
    (add_net "Net-(U3-Pad3)")
    (add_net "Net-(U3-Pad30)")
    (add_net "Net-(U3-Pad32)")
    (add_net "Net-(U3-Pad33)")
    (add_net "Net-(U3-Pad34)")
    (add_net "Net-(U3-Pad36)")
    (add_net "Net-(U3-Pad40)")
    (add_net "Net-(U3-Pad41)")
    (add_net "Net-(U3-Pad43)")
    (add_net "Net-(U3-Pad44)")
    (add_net "Net-(U3-Pad45)")
    (add_net "Net-(U3-Pad46)")
    (add_net "Net-(U3-Pad48)")
    (add_net "Net-(U3-Pad52)")
    (add_net "Net-(U3-Pad53)")
    (add_net "Net-(U3-Pad54)")
    (add_net "Net-(U3-Pad55)")
    (add_net "Net-(U3-Pad57)")
    (add_net "Net-(U3-Pad58)")
    (add_net "Net-(U3-Pad59)")
    (add_net "Net-(U3-Pad60)")
    (add_net "Net-(U6-Pad10)")
    (add_net "Net-(U6-Pad12)")
    (add_net "Net-(U9-Pad10)")
    (add_net "Net-(U9-Pad13)")
    (add_net "Net-(U9-Pad47)")
    (add_net PS2_CLK)
    (add_net PS2_DATA)
    (add_net RESETn)
    (add_net RX)
    (add_net R_Wn)
    (add_net TX)
    (add_net UDSn)
    (add_net VMAn)
    (add_net VPAn)
    (add_net VSYNC)
    (add_net clk12)
    (add_net nHOLD)
    (add_net nWP)
  )

  (module MD-60S:CUI_MD-60S (layer F.Cu) (tedit 0) (tstamp 5CE377E8)
    (at 73.66 109.22)
    (path /5DAF8A64)
    (fp_text reference J2 (at -4.36335 -7.74092) (layer F.SilkS)
      (effects (font (size 1.00076 1.00076) (thickness 0.05)))
    )
    (fp_text value Mini-DIN-6 (at -3.7278 7.47062) (layer F.SilkS)
      (effects (font (size 1.00075 1.00075) (thickness 0.05)))
    )
    (fp_line (start 7 7.7) (end -7 7.7) (layer Eco2.User) (width 0.127))
    (fp_line (start 7 -4.7) (end 7 7.7) (layer Eco2.User) (width 0.127))
    (fp_line (start -7 -4.7) (end 7 -4.7) (layer Eco2.User) (width 0.127))
    (fp_line (start -7 7.7) (end -7 -4.7) (layer Eco2.User) (width 0.127))
    (fp_circle (center -7.62 3.81) (end -7.42 3.81) (layer Eco2.User) (width 0))
    (fp_circle (center -7.62 2.31) (end -7.366 2.31) (layer F.SilkS) (width 0))
    (fp_text user FRONT~PANEL (at -1.09425 -4.29556) (layer Edge.Cuts)
      (effects (font (size 1 1) (thickness 0.05)))
    )
    (fp_line (start 1.4478 -4.11226) (end 1.4478 -4.62026) (layer Eco2.User) (width 0.1524))
    (fp_line (start -1.4478 -4.11226) (end 1.4478 -4.11226) (layer Eco2.User) (width 0.1524))
    (fp_line (start -1.4478 -4.62026) (end -1.4478 -4.11226) (layer Eco2.User) (width 0.1524))
    (fp_line (start 4.71932 7.6962) (end 4.69392 7.6962) (layer Eco2.User) (width 0.1524))
    (fp_line (start 4.71932 2.57302) (end 4.71932 7.6962) (layer Eco2.User) (width 0.1524))
    (fp_line (start -4.52882 2.57302) (end 4.71932 2.57302) (layer Eco2.User) (width 0.1524))
    (fp_line (start -4.52882 7.6454) (end -4.52882 2.57302) (layer Eco2.User) (width 0.1524))
    (fp_line (start 7.25 6.45) (end -7.25 6.45) (layer Eco1.User) (width 0.05))
    (fp_line (start 7.25 -6.45) (end 7.25 6.45) (layer Eco1.User) (width 0.05))
    (fp_line (start -7.25 -6.45) (end 7.25 -6.45) (layer Eco1.User) (width 0.05))
    (fp_line (start -7.25 6.45) (end -7.25 -6.45) (layer Eco1.User) (width 0.05))
    (fp_line (start -1.1 -1.85) (end 1.1 -1.85) (layer Edge.Cuts) (width 0))
    (fp_line (start -1.1 -1.15) (end -1.1 -1.85) (layer Edge.Cuts) (width 0))
    (fp_line (start 1.1 -1.15) (end -1.1 -1.15) (layer Edge.Cuts) (width 0))
    (fp_line (start 1.1 -1.85) (end 1.1 -1.15) (layer Edge.Cuts) (width 0))
    (fp_line (start 7 6.2) (end -7 6.2) (layer F.SilkS) (width 0.127))
    (fp_line (start 7 -6.2) (end 7 6.2) (layer F.SilkS) (width 0.127))
    (fp_line (start -7 -6.2) (end 7 -6.2) (layer F.SilkS) (width 0.127))
    (fp_line (start -7 6.2) (end -7 -6.2) (layer F.SilkS) (width 0.127))
    (pad 6 thru_hole circle (at 3.4 4.8) (size 1.408 1.408) (drill 0.9) (layers *.Cu *.Mask)
      (net 245 "Net-(J2-Pad6)"))
    (pad 5 thru_hole circle (at -3.4 4.8) (size 1.408 1.408) (drill 0.9) (layers *.Cu *.Mask)
      (net 27 "Net-(J2-Pad5)"))
    (pad 4 thru_hole circle (at 3.4 2.3) (size 1.408 1.408) (drill 0.9) (layers *.Cu *.Mask)
      (net 8 +5V))
    (pad 2 thru_hole circle (at 1.3 2.3) (size 1.408 1.408) (drill 0.9) (layers *.Cu *.Mask)
      (net 246 "Net-(J2-Pad2)"))
    (pad 1 thru_hole rect (at -1.3 2.3) (size 1.408 1.408) (drill 0.9) (layers *.Cu *.Mask)
      (net 28 "Net-(J2-Pad1)"))
    (pad 3 thru_hole circle (at -3.4 2.3) (size 1.408 1.408) (drill 0.9) (layers *.Cu *.Mask)
      (net 1 GND))
    (pad S thru_hole oval (at 0 -1.5) (size 3.4 1.7) (drill 0.7) (layers *.Cu *.Mask))
  )

  (module Connectors:USB_Micro-B (layer F.Cu) (tedit 5543E447) (tstamp 5CE360A7)
    (at 113.538 92.964 90)
    (descr "Micro USB Type B Receptacle")
    (tags "USB USB_B USB_micro USB_OTG")
    (path /5D60346B)
    (attr smd)
    (fp_text reference J1 (at 0 -3.24 90) (layer F.SilkS)
      (effects (font (size 1 1) (thickness 0.15)))
    )
    (fp_text value USB_B_Micro (at 0 5.01 90) (layer F.Fab)
      (effects (font (size 1 1) (thickness 0.15)))
    )
    (fp_line (start -4.35 4.03) (end -4.35 -2.38) (layer F.SilkS) (width 0.12))
    (fp_line (start 4.35 2.8) (end -4.35 2.8) (layer F.SilkS) (width 0.12))
    (fp_line (start 4.35 -2.38) (end 4.35 4.03) (layer F.SilkS) (width 0.12))
    (fp_line (start -4.35 -2.38) (end 4.35 -2.38) (layer F.SilkS) (width 0.12))
    (fp_line (start -4.35 4.03) (end 4.35 4.03) (layer F.SilkS) (width 0.12))
    (fp_line (start -4.6 4.26) (end -4.6 -2.59) (layer F.CrtYd) (width 0.05))
    (fp_line (start 4.6 4.26) (end -4.6 4.26) (layer F.CrtYd) (width 0.05))
    (fp_line (start 4.6 -2.59) (end 4.6 4.26) (layer F.CrtYd) (width 0.05))
    (fp_line (start -4.6 -2.59) (end 4.6 -2.59) (layer F.CrtYd) (width 0.05))
    (pad 6 thru_hole oval (at 3.5 1.35 180) (size 1.55 1) (drill oval 1.15 0.5) (layers *.Cu *.Mask)
      (net 1 GND))
    (pad 6 thru_hole oval (at -3.5 1.35 180) (size 1.55 1) (drill oval 1.15 0.5) (layers *.Cu *.Mask)
      (net 1 GND))
    (pad 6 thru_hole oval (at 2.5 -1.35 180) (size 0.95 1.25) (drill oval 0.55 0.85) (layers *.Cu *.Mask)
      (net 1 GND))
    (pad 6 thru_hole oval (at -2.5 -1.35 180) (size 0.95 1.25) (drill oval 0.55 0.85) (layers *.Cu *.Mask)
      (net 1 GND))
    (pad 5 smd rect (at 1.3 -1.35 180) (size 1.35 0.4) (layers F.Cu F.Paste F.Mask)
      (net 1 GND))
    (pad 4 smd rect (at 0.65 -1.35 180) (size 1.35 0.4) (layers F.Cu F.Paste F.Mask)
      (net 183 "Net-(J1-Pad4)"))
    (pad 3 smd rect (at 0 -1.35 180) (size 1.35 0.4) (layers F.Cu F.Paste F.Mask)
      (net 10 "Net-(J1-Pad3)"))
    (pad 2 smd rect (at -0.65 -1.35 180) (size 1.35 0.4) (layers F.Cu F.Paste F.Mask)
      (net 11 "Net-(J1-Pad2)"))
    (pad 1 smd rect (at -1.3 -1.35 180) (size 1.35 0.4) (layers F.Cu F.Paste F.Mask)
      (net 8 +5V))
  )

  (module Capacitor_SMD:C_0603_1608Metric (layer F.Cu) (tedit 5B301BBE) (tstamp 5CE35F82)
    (at 86.106 102.108)
    (descr "Capacitor SMD 0603 (1608 Metric), square (rectangular) end terminal, IPC_7351 nominal, (Body size source: http://www.tortai-tech.com/upload/download/2011102023233369053.pdf), generated with kicad-footprint-generator")
    (tags capacitor)
    (path /5EE81D4B)
    (attr smd)
    (fp_text reference C1 (at 0 -1.43) (layer F.SilkS)
      (effects (font (size 1 1) (thickness 0.15)))
    )
    (fp_text value 0.1uF (at 0 1.43) (layer F.Fab)
      (effects (font (size 1 1) (thickness 0.15)))
    )
    (fp_line (start -0.8 0.4) (end -0.8 -0.4) (layer F.Fab) (width 0.1))
    (fp_line (start -0.8 -0.4) (end 0.8 -0.4) (layer F.Fab) (width 0.1))
    (fp_line (start 0.8 -0.4) (end 0.8 0.4) (layer F.Fab) (width 0.1))
    (fp_line (start 0.8 0.4) (end -0.8 0.4) (layer F.Fab) (width 0.1))
    (fp_line (start -0.162779 -0.51) (end 0.162779 -0.51) (layer F.SilkS) (width 0.12))
    (fp_line (start -0.162779 0.51) (end 0.162779 0.51) (layer F.SilkS) (width 0.12))
    (fp_line (start -1.48 0.73) (end -1.48 -0.73) (layer F.CrtYd) (width 0.05))
    (fp_line (start -1.48 -0.73) (end 1.48 -0.73) (layer F.CrtYd) (width 0.05))
    (fp_line (start 1.48 -0.73) (end 1.48 0.73) (layer F.CrtYd) (width 0.05))
    (fp_line (start 1.48 0.73) (end -1.48 0.73) (layer F.CrtYd) (width 0.05))
    (fp_text user %R (at 0 0) (layer F.Fab)
      (effects (font (size 0.4 0.4) (thickness 0.06)))
    )
    (pad 1 smd roundrect (at -0.7875 0) (size 0.875 0.95) (layers F.Cu F.Paste F.Mask) (roundrect_rratio 0.25)
      (net 2 +3V3))
    (pad 2 smd roundrect (at 0.7875 0) (size 0.875 0.95) (layers F.Cu F.Paste F.Mask) (roundrect_rratio 0.25)
      (net 1 GND))
    (model ${KISYS3DMOD}/Capacitor_SMD.3dshapes/C_0603_1608Metric.wrl
      (at (xyz 0 0 0))
      (scale (xyz 1 1 1))
      (rotate (xyz 0 0 0))
    )
  )

  (module Capacitor_SMD:C_0603_1608Metric (layer F.Cu) (tedit 5B301BBE) (tstamp 5CE360E1)
    (at 86.106 103.632)
    (descr "Capacitor SMD 0603 (1608 Metric), square (rectangular) end terminal, IPC_7351 nominal, (Body size source: http://www.tortai-tech.com/upload/download/2011102023233369053.pdf), generated with kicad-footprint-generator")
    (tags capacitor)
    (path /63A88B03)
    (attr smd)
    (fp_text reference C2 (at 0 -1.43) (layer F.SilkS)
      (effects (font (size 1 1) (thickness 0.15)))
    )
    (fp_text value 0.1uF (at 0 1.43) (layer F.Fab)
      (effects (font (size 1 1) (thickness 0.15)))
    )
    (fp_text user %R (at 0 0) (layer F.Fab)
      (effects (font (size 0.4 0.4) (thickness 0.06)))
    )
    (fp_line (start 1.48 0.73) (end -1.48 0.73) (layer F.CrtYd) (width 0.05))
    (fp_line (start 1.48 -0.73) (end 1.48 0.73) (layer F.CrtYd) (width 0.05))
    (fp_line (start -1.48 -0.73) (end 1.48 -0.73) (layer F.CrtYd) (width 0.05))
    (fp_line (start -1.48 0.73) (end -1.48 -0.73) (layer F.CrtYd) (width 0.05))
    (fp_line (start -0.162779 0.51) (end 0.162779 0.51) (layer F.SilkS) (width 0.12))
    (fp_line (start -0.162779 -0.51) (end 0.162779 -0.51) (layer F.SilkS) (width 0.12))
    (fp_line (start 0.8 0.4) (end -0.8 0.4) (layer F.Fab) (width 0.1))
    (fp_line (start 0.8 -0.4) (end 0.8 0.4) (layer F.Fab) (width 0.1))
    (fp_line (start -0.8 -0.4) (end 0.8 -0.4) (layer F.Fab) (width 0.1))
    (fp_line (start -0.8 0.4) (end -0.8 -0.4) (layer F.Fab) (width 0.1))
    (pad 2 smd roundrect (at 0.7875 0) (size 0.875 0.95) (layers F.Cu F.Paste F.Mask) (roundrect_rratio 0.25)
      (net 1 GND))
    (pad 1 smd roundrect (at -0.7875 0) (size 0.875 0.95) (layers F.Cu F.Paste F.Mask) (roundrect_rratio 0.25)
      (net 2 +3V3))
    (model ${KISYS3DMOD}/Capacitor_SMD.3dshapes/C_0603_1608Metric.wrl
      (at (xyz 0 0 0))
      (scale (xyz 1 1 1))
      (rotate (xyz 0 0 0))
    )
  )

  (module Capacitor_SMD:C_0603_1608Metric (layer F.Cu) (tedit 5B301BBE) (tstamp 5CE36012)
    (at 90.678 92.9895 90)
    (descr "Capacitor SMD 0603 (1608 Metric), square (rectangular) end terminal, IPC_7351 nominal, (Body size source: http://www.tortai-tech.com/upload/download/2011102023233369053.pdf), generated with kicad-footprint-generator")
    (tags capacitor)
    (path /5DF1F2A9)
    (attr smd)
    (fp_text reference C3 (at 0 -1.43 90) (layer F.SilkS)
      (effects (font (size 1 1) (thickness 0.15)))
    )
    (fp_text value 10uF (at 0 1.43 90) (layer F.Fab)
      (effects (font (size 1 1) (thickness 0.15)))
    )
    (fp_text user %R (at 0 0 90) (layer F.Fab)
      (effects (font (size 0.4 0.4) (thickness 0.06)))
    )
    (fp_line (start 1.48 0.73) (end -1.48 0.73) (layer F.CrtYd) (width 0.05))
    (fp_line (start 1.48 -0.73) (end 1.48 0.73) (layer F.CrtYd) (width 0.05))
    (fp_line (start -1.48 -0.73) (end 1.48 -0.73) (layer F.CrtYd) (width 0.05))
    (fp_line (start -1.48 0.73) (end -1.48 -0.73) (layer F.CrtYd) (width 0.05))
    (fp_line (start -0.162779 0.51) (end 0.162779 0.51) (layer F.SilkS) (width 0.12))
    (fp_line (start -0.162779 -0.51) (end 0.162779 -0.51) (layer F.SilkS) (width 0.12))
    (fp_line (start 0.8 0.4) (end -0.8 0.4) (layer F.Fab) (width 0.1))
    (fp_line (start 0.8 -0.4) (end 0.8 0.4) (layer F.Fab) (width 0.1))
    (fp_line (start -0.8 -0.4) (end 0.8 -0.4) (layer F.Fab) (width 0.1))
    (fp_line (start -0.8 0.4) (end -0.8 -0.4) (layer F.Fab) (width 0.1))
    (pad 2 smd roundrect (at 0.7875 0 90) (size 0.875 0.95) (layers F.Cu F.Paste F.Mask) (roundrect_rratio 0.25)
      (net 1 GND))
    (pad 1 smd roundrect (at -0.7875 0 90) (size 0.875 0.95) (layers F.Cu F.Paste F.Mask) (roundrect_rratio 0.25)
      (net 3 +1V8))
    (model ${KISYS3DMOD}/Capacitor_SMD.3dshapes/C_0603_1608Metric.wrl
      (at (xyz 0 0 0))
      (scale (xyz 1 1 1))
      (rotate (xyz 0 0 0))
    )
  )

  (module Capacitor_SMD:C_0603_1608Metric (layer F.Cu) (tedit 5B301BBE) (tstamp 5CE35FB2)
    (at 91.948 92.964 90)
    (descr "Capacitor SMD 0603 (1608 Metric), square (rectangular) end terminal, IPC_7351 nominal, (Body size source: http://www.tortai-tech.com/upload/download/2011102023233369053.pdf), generated with kicad-footprint-generator")
    (tags capacitor)
    (path /5DF1E6D0)
    (attr smd)
    (fp_text reference C4 (at 0 -1.43 90) (layer F.SilkS)
      (effects (font (size 1 1) (thickness 0.15)))
    )
    (fp_text value 0.1uF (at 0 1.43 90) (layer F.Fab)
      (effects (font (size 1 1) (thickness 0.15)))
    )
    (fp_line (start -0.8 0.4) (end -0.8 -0.4) (layer F.Fab) (width 0.1))
    (fp_line (start -0.8 -0.4) (end 0.8 -0.4) (layer F.Fab) (width 0.1))
    (fp_line (start 0.8 -0.4) (end 0.8 0.4) (layer F.Fab) (width 0.1))
    (fp_line (start 0.8 0.4) (end -0.8 0.4) (layer F.Fab) (width 0.1))
    (fp_line (start -0.162779 -0.51) (end 0.162779 -0.51) (layer F.SilkS) (width 0.12))
    (fp_line (start -0.162779 0.51) (end 0.162779 0.51) (layer F.SilkS) (width 0.12))
    (fp_line (start -1.48 0.73) (end -1.48 -0.73) (layer F.CrtYd) (width 0.05))
    (fp_line (start -1.48 -0.73) (end 1.48 -0.73) (layer F.CrtYd) (width 0.05))
    (fp_line (start 1.48 -0.73) (end 1.48 0.73) (layer F.CrtYd) (width 0.05))
    (fp_line (start 1.48 0.73) (end -1.48 0.73) (layer F.CrtYd) (width 0.05))
    (fp_text user %R (at 0 0 90) (layer F.Fab)
      (effects (font (size 0.4 0.4) (thickness 0.06)))
    )
    (pad 1 smd roundrect (at -0.7875 0 90) (size 0.875 0.95) (layers F.Cu F.Paste F.Mask) (roundrect_rratio 0.25)
      (net 3 +1V8))
    (pad 2 smd roundrect (at 0.7875 0 90) (size 0.875 0.95) (layers F.Cu F.Paste F.Mask) (roundrect_rratio 0.25)
      (net 1 GND))
    (model ${KISYS3DMOD}/Capacitor_SMD.3dshapes/C_0603_1608Metric.wrl
      (at (xyz 0 0 0))
      (scale (xyz 1 1 1))
      (rotate (xyz 0 0 0))
    )
  )

  (module Capacitor_SMD:C_0603_1608Metric (layer F.Cu) (tedit 5B301BBE) (tstamp 5CE35F52)
    (at 110.236 85.09)
    (descr "Capacitor SMD 0603 (1608 Metric), square (rectangular) end terminal, IPC_7351 nominal, (Body size source: http://www.tortai-tech.com/upload/download/2011102023233369053.pdf), generated with kicad-footprint-generator")
    (tags capacitor)
    (path /642783F9)
    (attr smd)
    (fp_text reference C5 (at 0 -1.43) (layer F.SilkS)
      (effects (font (size 1 1) (thickness 0.15)))
    )
    (fp_text value 4.7uF (at 0 1.43) (layer F.Fab)
      (effects (font (size 1 1) (thickness 0.15)))
    )
    (fp_line (start -0.8 0.4) (end -0.8 -0.4) (layer F.Fab) (width 0.1))
    (fp_line (start -0.8 -0.4) (end 0.8 -0.4) (layer F.Fab) (width 0.1))
    (fp_line (start 0.8 -0.4) (end 0.8 0.4) (layer F.Fab) (width 0.1))
    (fp_line (start 0.8 0.4) (end -0.8 0.4) (layer F.Fab) (width 0.1))
    (fp_line (start -0.162779 -0.51) (end 0.162779 -0.51) (layer F.SilkS) (width 0.12))
    (fp_line (start -0.162779 0.51) (end 0.162779 0.51) (layer F.SilkS) (width 0.12))
    (fp_line (start -1.48 0.73) (end -1.48 -0.73) (layer F.CrtYd) (width 0.05))
    (fp_line (start -1.48 -0.73) (end 1.48 -0.73) (layer F.CrtYd) (width 0.05))
    (fp_line (start 1.48 -0.73) (end 1.48 0.73) (layer F.CrtYd) (width 0.05))
    (fp_line (start 1.48 0.73) (end -1.48 0.73) (layer F.CrtYd) (width 0.05))
    (fp_text user %R (at 0 0) (layer F.Fab)
      (effects (font (size 0.4 0.4) (thickness 0.06)))
    )
    (pad 1 smd roundrect (at -0.7875 0) (size 0.875 0.95) (layers F.Cu F.Paste F.Mask) (roundrect_rratio 0.25)
      (net 2 +3V3))
    (pad 2 smd roundrect (at 0.7875 0) (size 0.875 0.95) (layers F.Cu F.Paste F.Mask) (roundrect_rratio 0.25)
      (net 1 GND))
    (model ${KISYS3DMOD}/Capacitor_SMD.3dshapes/C_0603_1608Metric.wrl
      (at (xyz 0 0 0))
      (scale (xyz 1 1 1))
      (rotate (xyz 0 0 0))
    )
  )

  (module Capacitor_SMD:C_0603_1608Metric (layer F.Cu) (tedit 5B301BBE) (tstamp 5CE35FE2)
    (at 110.2105 80.518)
    (descr "Capacitor SMD 0603 (1608 Metric), square (rectangular) end terminal, IPC_7351 nominal, (Body size source: http://www.tortai-tech.com/upload/download/2011102023233369053.pdf), generated with kicad-footprint-generator")
    (tags capacitor)
    (path /642792F7)
    (attr smd)
    (fp_text reference C6 (at 0 -1.43) (layer F.SilkS)
      (effects (font (size 1 1) (thickness 0.15)))
    )
    (fp_text value 0.1uF (at 0 1.43) (layer F.Fab)
      (effects (font (size 1 1) (thickness 0.15)))
    )
    (fp_line (start -0.8 0.4) (end -0.8 -0.4) (layer F.Fab) (width 0.1))
    (fp_line (start -0.8 -0.4) (end 0.8 -0.4) (layer F.Fab) (width 0.1))
    (fp_line (start 0.8 -0.4) (end 0.8 0.4) (layer F.Fab) (width 0.1))
    (fp_line (start 0.8 0.4) (end -0.8 0.4) (layer F.Fab) (width 0.1))
    (fp_line (start -0.162779 -0.51) (end 0.162779 -0.51) (layer F.SilkS) (width 0.12))
    (fp_line (start -0.162779 0.51) (end 0.162779 0.51) (layer F.SilkS) (width 0.12))
    (fp_line (start -1.48 0.73) (end -1.48 -0.73) (layer F.CrtYd) (width 0.05))
    (fp_line (start -1.48 -0.73) (end 1.48 -0.73) (layer F.CrtYd) (width 0.05))
    (fp_line (start 1.48 -0.73) (end 1.48 0.73) (layer F.CrtYd) (width 0.05))
    (fp_line (start 1.48 0.73) (end -1.48 0.73) (layer F.CrtYd) (width 0.05))
    (fp_text user %R (at 0 0) (layer F.Fab)
      (effects (font (size 0.4 0.4) (thickness 0.06)))
    )
    (pad 1 smd roundrect (at -0.7875 0) (size 0.875 0.95) (layers F.Cu F.Paste F.Mask) (roundrect_rratio 0.25)
      (net 2 +3V3))
    (pad 2 smd roundrect (at 0.7875 0) (size 0.875 0.95) (layers F.Cu F.Paste F.Mask) (roundrect_rratio 0.25)
      (net 1 GND))
    (model ${KISYS3DMOD}/Capacitor_SMD.3dshapes/C_0603_1608Metric.wrl
      (at (xyz 0 0 0))
      (scale (xyz 1 1 1))
      (rotate (xyz 0 0 0))
    )
  )

  (module Capacitor_SMD:C_0603_1608Metric (layer F.Cu) (tedit 5B301BBE) (tstamp 5CE36072)
    (at 110.236 83.566)
    (descr "Capacitor SMD 0603 (1608 Metric), square (rectangular) end terminal, IPC_7351 nominal, (Body size source: http://www.tortai-tech.com/upload/download/2011102023233369053.pdf), generated with kicad-footprint-generator")
    (tags capacitor)
    (path /648B5E48)
    (attr smd)
    (fp_text reference C7 (at 0 -1.43) (layer F.SilkS)
      (effects (font (size 1 1) (thickness 0.15)))
    )
    (fp_text value 0.1uF (at 0 1.43) (layer F.Fab)
      (effects (font (size 1 1) (thickness 0.15)))
    )
    (fp_text user %R (at 0 0) (layer F.Fab)
      (effects (font (size 0.4 0.4) (thickness 0.06)))
    )
    (fp_line (start 1.48 0.73) (end -1.48 0.73) (layer F.CrtYd) (width 0.05))
    (fp_line (start 1.48 -0.73) (end 1.48 0.73) (layer F.CrtYd) (width 0.05))
    (fp_line (start -1.48 -0.73) (end 1.48 -0.73) (layer F.CrtYd) (width 0.05))
    (fp_line (start -1.48 0.73) (end -1.48 -0.73) (layer F.CrtYd) (width 0.05))
    (fp_line (start -0.162779 0.51) (end 0.162779 0.51) (layer F.SilkS) (width 0.12))
    (fp_line (start -0.162779 -0.51) (end 0.162779 -0.51) (layer F.SilkS) (width 0.12))
    (fp_line (start 0.8 0.4) (end -0.8 0.4) (layer F.Fab) (width 0.1))
    (fp_line (start 0.8 -0.4) (end 0.8 0.4) (layer F.Fab) (width 0.1))
    (fp_line (start -0.8 -0.4) (end 0.8 -0.4) (layer F.Fab) (width 0.1))
    (fp_line (start -0.8 0.4) (end -0.8 -0.4) (layer F.Fab) (width 0.1))
    (pad 2 smd roundrect (at 0.7875 0) (size 0.875 0.95) (layers F.Cu F.Paste F.Mask) (roundrect_rratio 0.25)
      (net 1 GND))
    (pad 1 smd roundrect (at -0.7875 0) (size 0.875 0.95) (layers F.Cu F.Paste F.Mask) (roundrect_rratio 0.25)
      (net 2 +3V3))
    (model ${KISYS3DMOD}/Capacitor_SMD.3dshapes/C_0603_1608Metric.wrl
      (at (xyz 0 0 0))
      (scale (xyz 1 1 1))
      (rotate (xyz 0 0 0))
    )
  )

  (module Capacitor_SMD:C_0603_1608Metric (layer F.Cu) (tedit 5B301BBE) (tstamp 5CE36042)
    (at 110.2105 82.042)
    (descr "Capacitor SMD 0603 (1608 Metric), square (rectangular) end terminal, IPC_7351 nominal, (Body size source: http://www.tortai-tech.com/upload/download/2011102023233369053.pdf), generated with kicad-footprint-generator")
    (tags capacitor)
    (path /648B5E42)
    (attr smd)
    (fp_text reference C8 (at 0 -1.43) (layer F.SilkS)
      (effects (font (size 1 1) (thickness 0.15)))
    )
    (fp_text value 4.7uF (at 0 1.43) (layer F.Fab)
      (effects (font (size 1 1) (thickness 0.15)))
    )
    (fp_line (start -0.8 0.4) (end -0.8 -0.4) (layer F.Fab) (width 0.1))
    (fp_line (start -0.8 -0.4) (end 0.8 -0.4) (layer F.Fab) (width 0.1))
    (fp_line (start 0.8 -0.4) (end 0.8 0.4) (layer F.Fab) (width 0.1))
    (fp_line (start 0.8 0.4) (end -0.8 0.4) (layer F.Fab) (width 0.1))
    (fp_line (start -0.162779 -0.51) (end 0.162779 -0.51) (layer F.SilkS) (width 0.12))
    (fp_line (start -0.162779 0.51) (end 0.162779 0.51) (layer F.SilkS) (width 0.12))
    (fp_line (start -1.48 0.73) (end -1.48 -0.73) (layer F.CrtYd) (width 0.05))
    (fp_line (start -1.48 -0.73) (end 1.48 -0.73) (layer F.CrtYd) (width 0.05))
    (fp_line (start 1.48 -0.73) (end 1.48 0.73) (layer F.CrtYd) (width 0.05))
    (fp_line (start 1.48 0.73) (end -1.48 0.73) (layer F.CrtYd) (width 0.05))
    (fp_text user %R (at 0 0) (layer F.Fab)
      (effects (font (size 0.4 0.4) (thickness 0.06)))
    )
    (pad 1 smd roundrect (at -0.7875 0) (size 0.875 0.95) (layers F.Cu F.Paste F.Mask) (roundrect_rratio 0.25)
      (net 2 +3V3))
    (pad 2 smd roundrect (at 0.7875 0) (size 0.875 0.95) (layers F.Cu F.Paste F.Mask) (roundrect_rratio 0.25)
      (net 1 GND))
    (model ${KISYS3DMOD}/Capacitor_SMD.3dshapes/C_0603_1608Metric.wrl
      (at (xyz 0 0 0))
      (scale (xyz 1 1 1))
      (rotate (xyz 0 0 0))
    )
  )

  (module Capacitor_SMD:C_0603_1608Metric (layer F.Cu) (tedit 5B301BBE) (tstamp 5CE35F22)
    (at 91.948 96.52)
    (descr "Capacitor SMD 0603 (1608 Metric), square (rectangular) end terminal, IPC_7351 nominal, (Body size source: http://www.tortai-tech.com/upload/download/2011102023233369053.pdf), generated with kicad-footprint-generator")
    (tags capacitor)
    (path /62AD3E31)
    (attr smd)
    (fp_text reference C9 (at 0 -1.43) (layer F.SilkS)
      (effects (font (size 1 1) (thickness 0.15)))
    )
    (fp_text value 10uF (at 0 1.43) (layer F.Fab)
      (effects (font (size 1 1) (thickness 0.15)))
    )
    (fp_text user %R (at 0 0) (layer F.Fab)
      (effects (font (size 0.4 0.4) (thickness 0.06)))
    )
    (fp_line (start 1.48 0.73) (end -1.48 0.73) (layer F.CrtYd) (width 0.05))
    (fp_line (start 1.48 -0.73) (end 1.48 0.73) (layer F.CrtYd) (width 0.05))
    (fp_line (start -1.48 -0.73) (end 1.48 -0.73) (layer F.CrtYd) (width 0.05))
    (fp_line (start -1.48 0.73) (end -1.48 -0.73) (layer F.CrtYd) (width 0.05))
    (fp_line (start -0.162779 0.51) (end 0.162779 0.51) (layer F.SilkS) (width 0.12))
    (fp_line (start -0.162779 -0.51) (end 0.162779 -0.51) (layer F.SilkS) (width 0.12))
    (fp_line (start 0.8 0.4) (end -0.8 0.4) (layer F.Fab) (width 0.1))
    (fp_line (start 0.8 -0.4) (end 0.8 0.4) (layer F.Fab) (width 0.1))
    (fp_line (start -0.8 -0.4) (end 0.8 -0.4) (layer F.Fab) (width 0.1))
    (fp_line (start -0.8 0.4) (end -0.8 -0.4) (layer F.Fab) (width 0.1))
    (pad 2 smd roundrect (at 0.7875 0) (size 0.875 0.95) (layers F.Cu F.Paste F.Mask) (roundrect_rratio 0.25)
      (net 5 "Net-(C10-Pad2)"))
    (pad 1 smd roundrect (at -0.7875 0) (size 0.875 0.95) (layers F.Cu F.Paste F.Mask) (roundrect_rratio 0.25)
      (net 4 "Net-(C10-Pad1)"))
    (model ${KISYS3DMOD}/Capacitor_SMD.3dshapes/C_0603_1608Metric.wrl
      (at (xyz 0 0 0))
      (scale (xyz 1 1 1))
      (rotate (xyz 0 0 0))
    )
  )

  (module Capacitor_SMD:C_0603_1608Metric (layer F.Cu) (tedit 5B301BBE) (tstamp 5CE35EF2)
    (at 91.948 98.298)
    (descr "Capacitor SMD 0603 (1608 Metric), square (rectangular) end terminal, IPC_7351 nominal, (Body size source: http://www.tortai-tech.com/upload/download/2011102023233369053.pdf), generated with kicad-footprint-generator")
    (tags capacitor)
    (path /62AD5301)
    (attr smd)
    (fp_text reference C10 (at 0 -1.43) (layer F.SilkS)
      (effects (font (size 1 1) (thickness 0.15)))
    )
    (fp_text value 0.1uF (at 0 1.43) (layer F.Fab)
      (effects (font (size 1 1) (thickness 0.15)))
    )
    (fp_line (start -0.8 0.4) (end -0.8 -0.4) (layer F.Fab) (width 0.1))
    (fp_line (start -0.8 -0.4) (end 0.8 -0.4) (layer F.Fab) (width 0.1))
    (fp_line (start 0.8 -0.4) (end 0.8 0.4) (layer F.Fab) (width 0.1))
    (fp_line (start 0.8 0.4) (end -0.8 0.4) (layer F.Fab) (width 0.1))
    (fp_line (start -0.162779 -0.51) (end 0.162779 -0.51) (layer F.SilkS) (width 0.12))
    (fp_line (start -0.162779 0.51) (end 0.162779 0.51) (layer F.SilkS) (width 0.12))
    (fp_line (start -1.48 0.73) (end -1.48 -0.73) (layer F.CrtYd) (width 0.05))
    (fp_line (start -1.48 -0.73) (end 1.48 -0.73) (layer F.CrtYd) (width 0.05))
    (fp_line (start 1.48 -0.73) (end 1.48 0.73) (layer F.CrtYd) (width 0.05))
    (fp_line (start 1.48 0.73) (end -1.48 0.73) (layer F.CrtYd) (width 0.05))
    (fp_text user %R (at 0 0) (layer F.Fab)
      (effects (font (size 0.4 0.4) (thickness 0.06)))
    )
    (pad 1 smd roundrect (at -0.7875 0) (size 0.875 0.95) (layers F.Cu F.Paste F.Mask) (roundrect_rratio 0.25)
      (net 4 "Net-(C10-Pad1)"))
    (pad 2 smd roundrect (at 0.7875 0) (size 0.875 0.95) (layers F.Cu F.Paste F.Mask) (roundrect_rratio 0.25)
      (net 5 "Net-(C10-Pad2)"))
    (model ${KISYS3DMOD}/Capacitor_SMD.3dshapes/C_0603_1608Metric.wrl
      (at (xyz 0 0 0))
      (scale (xyz 1 1 1))
      (rotate (xyz 0 0 0))
    )
  )

  (module Capacitor_SMD:C_0603_1608Metric (layer F.Cu) (tedit 5B301BBE) (tstamp 5CEFAB00)
    (at 137.1855 60.452 180)
    (descr "Capacitor SMD 0603 (1608 Metric), square (rectangular) end terminal, IPC_7351 nominal, (Body size source: http://www.tortai-tech.com/upload/download/2011102023233369053.pdf), generated with kicad-footprint-generator")
    (tags capacitor)
    (path /719ED79C)
    (attr smd)
    (fp_text reference C11 (at 0 -1.43) (layer F.SilkS)
      (effects (font (size 1 1) (thickness 0.15)))
    )
    (fp_text value 0.1uF (at 0 1.43) (layer F.Fab)
      (effects (font (size 1 1) (thickness 0.15)))
    )
    (fp_text user %R (at 0 0) (layer F.Fab)
      (effects (font (size 0.4 0.4) (thickness 0.06)))
    )
    (fp_line (start 1.48 0.73) (end -1.48 0.73) (layer F.CrtYd) (width 0.05))
    (fp_line (start 1.48 -0.73) (end 1.48 0.73) (layer F.CrtYd) (width 0.05))
    (fp_line (start -1.48 -0.73) (end 1.48 -0.73) (layer F.CrtYd) (width 0.05))
    (fp_line (start -1.48 0.73) (end -1.48 -0.73) (layer F.CrtYd) (width 0.05))
    (fp_line (start -0.162779 0.51) (end 0.162779 0.51) (layer F.SilkS) (width 0.12))
    (fp_line (start -0.162779 -0.51) (end 0.162779 -0.51) (layer F.SilkS) (width 0.12))
    (fp_line (start 0.8 0.4) (end -0.8 0.4) (layer F.Fab) (width 0.1))
    (fp_line (start 0.8 -0.4) (end 0.8 0.4) (layer F.Fab) (width 0.1))
    (fp_line (start -0.8 -0.4) (end 0.8 -0.4) (layer F.Fab) (width 0.1))
    (fp_line (start -0.8 0.4) (end -0.8 -0.4) (layer F.Fab) (width 0.1))
    (pad 2 smd roundrect (at 0.7875 0 180) (size 0.875 0.95) (layers F.Cu F.Paste F.Mask) (roundrect_rratio 0.25)
      (net 1 GND))
